Problema;Tcomputation;Tsampling;TTotal;Ceros;Pevidence;Variance;SAT
bayesian/mastermind_03_08_04-0001.uai;6.279572248458862
941.2783815860748;947.5579538345337;0;1.7797155739205886e-13;1.8021797693712704e-25
914.2445464134216;920.5241186618805;0;2.324378878096888e-13;7.085363722386311e-25
829.7859833240509;836.0655555725098;0;2.0717471847120289e-13;2.171710163119371e-25
555.8954396247864;562.1750118732452;1000;0.0;0.0
471.37905168533325;477.6586239337921;1000;0.0;0.0
bayesian/mastermind_03_08_04-0002.uai;6.1341047286987305
897.7804803848267;903.9145851135254;0;3.377069400228817e-15;4.333304964929482e-30
882.4712748527527;888.6053795814514;0;3.3207849102250034e-15;4.143027612317322e-30
812.9040260314941;819.0381307601929;0;3.598583522575859e-15;5.429403959140172e-29
539.4470069408417;545.5811116695404;1000;0.0;0.0
468.5096502304077;474.64375495910645;1000;0.0;0.0
bayesian/mastermind_03_08_04-0003.uai;6.502919435501099
903.3209848403931;909.8239042758942;0;3.680255186382701e-12;7.758371282534656e-23
902.6810677051544;909.1839871406555;0;3.3916419663679933e-12;6.096827440463312e-23
839.5675735473633;846.0704929828644;0;2.3946089473283094e-12;2.815467807974755e-23
539.3469731807709;545.849892616272;1000;0.0;0.0
466.5367262363434;473.0396456718445;1000;0.0;0.0
bayesian/mastermind_03_08_04-0007.uai;6.182203769683838
841.7981760501862;847.98037981987;0;2.6649853221502835e-17;-9.83577413313928e-48
838.5389351844788;844.7211389541626;0;2.6649853221502835e-17;-9.66471719169338e-48
757.1745851039886;763.3567888736725;0;2.667117310407947e-17;2.0323860325769704e-35
493.85695576667786;500.0391595363617;1000;0.0;0.0
408.97058868408203;415.15279245376587;1000;0.0;0.0
bayesian/mastermind_03_08_04-0008.uai;6.1830503940582275
824.7606902122498;830.943740606308;0;5.329970644300425e-17;8.860749566897647e-47
830.9004962444305;837.0835466384888;0;5.329970644300425e-17;8.860749566897647e-47
726.6796338558197;732.8626842498779;0;5.32997064430054e-17;2.5316427333993277e-47
475.59522461891174;481.77827501296997;1000;0.0;0.0
384.0215220451355;390.2045724391937;1000;0.0;0.0
bayesian/mastermind_03_08_04-0010.uai;6.427156209945679
879.7439513206482;886.1711075305939;0;2.9084583811819304e-15;1.2638859298283388e-29
872.1408035755157;878.5679597854614;0;2.902915211711853e-15;1.0532383384921871e-29
802.2252335548401;808.6523897647858;0;2.714901199219369e-15;2.676079187541064e-29
518.2081842422485;524.6353404521942;1000;0.0;0.0
444.24637389183044;450.6735301017761;1000;0.0;0.0
bayesian/mastermind_03_08_04-0012.uai;13.319970607757568
943.3462855815887;956.6662561893463;0;7.32688802421173e-09;2.4726912338037517e-15
930.5592451095581;943.8792157173157;0;7.813700369392594e-09;2.2717784318215144e-15
863.2442898750305;876.5642604827881;0;4.1511808508867814e-09;5.637260005614478e-16
552.9068014621735;566.226772069931;1000;0.0;0.0
469.44133615493774;482.7613067626953;1000;0.0;0.0
bayesian/mastermind_03_08_04-0013.uai;13.580590009689331
935.2520732879639;948.8326632976532;0;2.595515716208892e-09;3.188725206324277e-16
957.0656368732452;970.6462268829346;0;6.3085627786121055e-09;1.3690550207354717e-14
861.6081430912018;875.1887331008911;0;1.5400438893962687e-09;3.0578213075814776e-16
560.0353937149048;573.6159837245941;1000;0.0;0.0
471.959436416626;485.5400264263153;1000;0.0;0.0
bayesian/mastermind_03_08_04-0014.uai;12.10655164718628
931.6099610328674;943.7165126800537;0;8.668290663324082e-10;1.444415888148693e-17
947.4060709476471;959.5126225948334;0;1.9124813119136268e-09;2.8317968624726507e-16
860.4250199794769;872.5315716266632;0;6.685625776380449e-10;1.748088244830518e-17
555.7814033031464;567.8879549503326;1000;0.0;0.0
465.96264719963074;478.069198846817;1000;0.0;0.0
bayesian/mastermind_03_08_04-0015.uai;13.83768081665039
938.1599812507629;951.9976620674133;0;7.950435794475509e-09;1.5203675924147643e-15
956.2959337234497;970.1336145401001;0;8.686837009970588e-09;2.455503641834936e-15
859.8505744934082;873.6882553100586;0;3.0858084233998663e-09;4.21918921095993e-16
559.5470416545868;573.3847224712372;1000;0.0;0.0
469.2133312225342;483.05101203918457;1000;0.0;0.0
bayesian/mastermind_03_08_05-0001.uai;7.741550922393799
2352.804286956787;2360.545837879181;0;2.956350118466962e-16;2.931607642415156e-31
2383.0376625061035;2390.7792134284973;0;3.5021668413969507e-16;1.2962888241265107e-30
2233.8615367412567;2241.6030876636505;0;3.805672747680183e-16;-1.4483145062435633e-31
1423.8253226280212;1431.566873550415;1000;0.0;0.0
1263.7129023075104;1271.4544532299042;1000;0.0;0.0
bayesian/mastermind_03_08_05-0003.uai;7.567995071411133
2390.312207221985;2397.880202293396;0;4.809330511456994e-16;1.843760334178191e-29
2333.8527266979218;2341.420721769333;0;3.6231014734038404e-16;5.763139672667808e-30
2184.855753660202;2192.423748731613;0;5.78599983515572e-16;-3.347779409242202e-31
1429.4550931453705;1437.0230882167816;1000;0.0;0.0
1251.520742893219;1259.0887379646301;1000;0.0;0.0
bayesian/mastermind_03_08_05-0009.uai;7.528108596801758
2064.7599380016327;2072.2880465984344;0;3.384882032909472e-22;-1.1549916355710279e-57
2095.6342425346375;2103.162351131439;0;3.384882032909472e-22;-1.1549916355710279e-57
1817.6151657104492;1825.143274307251;0;3.3848820329094162e-22;1.951537591137254e-57
1167.5871114730835;1175.1152200698853;1000;0.0;0.0
884.1080987453461;891.6362073421478;1000;0.0;0.0
bayesian/mastermind_04_08_03-0000.uai;6.620225667953491
366.17373967170715;372.79396533966064;0;0.3576157417297363;3.8183255618061076
365.8332552909851;372.4534809589386;0;0.3916997194290161;7.265451438254463
347.9183919429779;354.5386176109314;0;1.018049495803455;64.8887703674798
223.56576251983643;230.18598818778992;1000;0.0;0.0
202.5339388847351;209.1541645526886;1000;0.0;0.0
bayesian/mastermind_04_08_03-0011.uai;7.350923776626587
371.50990748405457;378.86083126068115;0;1.8340513357543385e-05;1.563463220789476e-08
367.85869121551514;375.2096149921417;0;1.739580933644902e-05;1.8357830770777248e-08
337.64053535461426;344.99145913124084;0;1.0404659699143251e-05;2.989184590993718e-08
226.62868547439575;233.97960925102234;1000;0.0;0.0
183.71604013442993;191.06696391105652;1000;0.0;0.0
bayesian/mastermind_04_08_03-0012.uai;7.253166913986206
365.4396936893463;372.6928606033325;0;9.438275010325015e-07;1.0961977500904332e-11
368.57655119895935;375.82971811294556;0;1.291355350986123e-06;4.419504089275389e-11
326.38399505615234;333.63716197013855;0;4.2692308191322536e-07;3.6347457489242306e-12
218.5839855670929;225.8371524810791;1000;0.0;0.0
187.22840547561646;194.48157238960266;1000;0.0;0.0
bayesian/mastermind_04_08_03-0013.uai;6.990232944488525
379.65133571624756;386.6415686607361;0;6.22373481746763e-08;3.1593958876019416e-14
407.2650258541107;414.25525879859924;0;5.518484977073967e-08;3.3514996025625664e-14
365.3165464401245;372.30677938461304;0;5.2293334128662866e-08;1.0803897095835737e-13
221.8470470905304;228.83728003501892;1000;0.0;0.0
194.60697722434998;201.5972101688385;1000;0.0;0.0
bayesian/mastermind_04_08_03-0014.uai;7.474853515625
365.61392998695374;373.08878350257874;0;2.0952140039298682e-07;1.0809098258048096e-12
371.9344279766083;379.4092814922333;0;2.573555975686759e-07;4.5524458562686846e-12
334.0674617290497;341.5423152446747;0;7.519292494778014e-07;1.6110756585803637e-10
227.00910806655884;234.48396158218384;1000;0.0;0.0
189.06953763961792;196.54439115524292;1000;0.0;0.0
bayesian/mastermind_04_08_03-0015.uai;7.533506393432617
387.5484583377838;395.08196473121643;0;9.103654883801938e-08;1.2353580327743645e-13
364.20596170425415;371.73946809768677;0;8.905236609280109e-08;2.926102581519443e-13
337.3472068309784;344.880713224411;0;5.467177102419415e-08;3.642025530626998e-14
219.00906538963318;226.5425717830658;1000;0.0;0.0
183.7715723514557;191.3050787448883;1000;0.0;0.0
bayesian/mastermind_04_08_04-0001.uai;6.754894018173218
1261.3022003173828;1268.057094335556;0;1.916454550610066e-12;1.7597015699979206e-23
1260.1963105201721;1266.9512045383453;0;2.4986412938687833e-12;8.512225360219311e-23
1133.2400586605072;1139.9949526786804;0;1.6564015656412592e-12;5.334387300546844e-23
761.629741191864;768.3846352100372;1000;0.0;0.0
637.1905822753906;643.9454762935638;1000;0.0;0.0
bayesian/mastermind_04_08_04-0002.uai;6.902978181838989
1193.7995510101318;1200.7025291919708;0;8.012410734892223e-13;3.4554204369428565e-23
1188.158239364624;1195.061217546463;0;7.793539147371562e-13;2.2329229643407753e-23
1102.588252067566;1109.491230249405;0;6.435804618196597e-13;3.3415462707701707e-23
714.1537661552429;721.0567443370819;1000;0.0;0.0
615.1879947185516;622.0909729003906;1000;0.0;0.0
bayesian/mastermind_04_08_04-0003.uai;6.893562078475952
1192.8684701919556;1199.7620322704315;0;2.2314511349819157e-14;8.580845799266068e-27
1178.1062362194061;1184.999798297882;0;2.65957811329543e-14;2.0666531701944095e-26
1119.5385341644287;1126.4320962429047;0;3.4609841851651993e-14;1.1708128729497493e-25
712.910920381546;719.804482460022;1000;0.0;0.0
622.7128174304962;629.6063795089722;1000;0.0;0.0
bayesian/mastermind_04_08_04-0004.uai;7.171099901199341
1203.4649698734283;1210.6360697746277;0;6.287088738510281e-12;1.6076385419181382e-21
1210.3392827510834;1217.5103826522827;0;5.4029722917903355e-12;1.2662392113915901e-21
1106.2228665351868;1113.393966436386;0;5.357401301209815e-12;8.021660051288908e-22
723.0954086780548;730.2665085792542;1000;0.0;0.0
618.1290671825409;625.3001670837402;1000;0.0;0.0
bayesian/mastermind_04_08_04-0005.uai;6.517849445343018
1190.3890504837036;1196.9068999290466;0;1.136001015478169e-16;2.2179141057431014e-32
1192.9967515468597;1199.5146009922028;0;1.1122699983268046e-16;1.9507233060261006e-32
1080.7048349380493;1087.2226843833923;0;1.0651135344638868e-16;5.251134014485299e-32
724.0955634117126;730.6134128570557;1000;0.0;0.0
625.7152049541473;632.2330543994904;1000;0.0;0.0
bayesian/mastermind_05_08_03-0001.uai;6.0673933029174805
467.3825957775116;473.4499890804291;0;1.3742636039882348e-10;7.162286711892387e-19
461.1471152305603;467.2145085334778;0;1.2587993335339786e-10;6.578197029094432e-19
425.1859495639801;431.2533428668976;0;1.387026366920352e-10;1.052121917061004e-18
286.8667721748352;292.9341654777527;1000;0.0;0.0
240.7640118598938;246.83140516281128;1000;0.0;0.0
bayesian/mastermind_05_08_03-0002.uai;6.022315740585327
457.6472501754761;463.6695659160614;0;6.81840573320587e-13;3.181103204781168e-23
471.15708589553833;477.17940163612366;0;1.0405856639992132e-12;3.3508360648071246e-22
425.18797421455383;431.21028995513916;0;5.033165729186305e-13;6.965689500273049e-24
279.01682591438293;285.03914165496826;1000;0.0;0.0
243.19547080993652;249.21778655052185;1000;0.0;0.0
bayesian/mastermind_05_08_03-0003.uai;6.148733139038086
465.22597646713257;471.37470960617065;0;2.240421930243328e-09;1.8338981228872929e-16
470.10954689979553;476.2582800388336;0;4.861504967771864e-09;1.0071686013302015e-14
423.783629655838;429.9323627948761;0;1.1895956560660508e-09;4.134571117619188e-17
282.7776939868927;288.9264271259308;1000;0.0;0.0
243.4632487297058;249.6119818687439;1000;0.0;0.0
bayesian/mastermind_05_08_03-0004.uai;5.976112604141235
460.22265553474426;466.1987681388855;0;2.1004721347510808e-12;9.577609064123084e-23
455.9761395454407;461.9522521495819;0;2.9649751856338892e-12;6.941838264205523e-22
425.24698209762573;431.22309470176697;0;2.0195012835573155e-12;7.111088215154264e-23
282.3412516117096;288.31736421585083;1000;0.0;0.0
244.76002478599548;250.73613739013672;1000;0.0;0.0
bayesian/mastermind_05_08_03-0009.uai;6.440777540206909
459.79341197013855;466.23418951034546;0;9.551837009127458e-09;4.1416212930566966e-15
456.3171043395996;462.7578818798065;0;1.0328631946605162e-08;4.691449027487219e-15
418.28626680374146;424.72704434394836;0;4.74098526265952e-09;5.2972342331445884e-15
276.0766842365265;282.5174617767334;1000;0.0;0.0
234.6582555770874;241.0990331172943;1000;0.0;0.0
bayesian/mastermind_06_08_03-0002.uai;6.113066911697388
578.4259839057922;584.5390508174896;0;8.680772654906665e-12;1.6249661650064982e-21
577.1778604984283;583.2909274101257;0;1.1334384265442923e-11;2.9362525859819916e-21
532.8252973556519;538.9383642673492;0;1.4775366110685818e-10;1.3460545391213867e-17
353.2077088356018;359.3207757472992;1000;0.0;0.0
305.2009742259979;311.3140411376953;1000;0.0;0.0
bayesian/mastermind_06_08_03-0003.uai;6.0696187019348145
581.729672908783;587.7992916107178;0;1.7361806815961333e-12;5.419177437056354e-23
574.2874431610107;580.3570618629456;0;6.452965313384475e-12;5.558922516813104e-21
530.6693859100342;536.739004611969;0;6.850599626950372e-12;1.3966025910725289e-21
357.244633436203;363.3142521381378;1000;0.0;0.0
309.71129870414734;315.78091740608215;1000;0.0;0.0
bayesian/mastermind_06_08_03-0005.uai;5.903518915176392
581.7384445667267;587.6419634819031;0;7.636412218871013e-13;9.349573925275901e-23
569.8036983013153;575.7072172164917;0;5.239872133348898e-13;9.841243190767332e-24
518.7430682182312;524.6465871334076;0;1.1965030761391387e-12;2.29350376366871e-25
351.2659707069397;357.1694896221161;1000;0.0;0.0
303.5915651321411;309.4950840473175;1000;0.0;0.0
bayesian/mastermind_06_08_03-0009.uai;6.636050701141357
580.396201133728;587.0322518348694;0;2.7474838009412448e-09;1.349989886912904e-15
563.8491871356964;570.4852378368378;0;1.8239603473541808e-09;1.8440098596639792e-16
516.7727291584015;523.4087798595428;0;8.017780604860315e-10;1.0203638990764852e-16
337.47265672683716;344.1087074279785;1000;0.0;0.0
288.0336174964905;294.66966819763184;1000;0.0;0.0
bayesian/mastermind_10_08_03-0008.uai;6.719326496124268
965.6529104709625;972.3722369670868;0;5.7216000000000066e-24;1.8005179187200074e-46
955.8446431159973;962.5639696121216;0;6.640672000000002e-24;6.824180362844187e-46
800.5284538269043;807.2477803230286;0;6.567954666578386e-24;1.764046256981012e-46
512.8164403438568;519.5357668399811;1000;0.0;0.0
377.33932304382324;384.0586495399475;840;2.9341259460229533e+208;nan
bayesian/mastermind_10_08_03-0009.uai;6.85164999961853
1072.5940325260162;1079.4456825256348;0;1.210705149952003e-18;3.819608108348633e-34
1055.1722712516785;1062.023921251297;0;6.869077852160027e-19;2.006570349504006e-35
927.9058654308319;934.7575154304504;0;1.22605006455338e-18;4.125702333195912e-35
624.999888420105;631.8515384197235;1000;0.0;0.0
486.5581901073456;493.4098401069641;1000;0.0;0.0
bayesian/or_chain_4.fg.uai;5.43718695640564
89.41036939620972;94.84755635261536;0;3.330697682309319e-19;6.785023934862564e-35
90.89191842079163;96.32910537719727;0;2.961403140226208e-20;2.5234114290312324e-37
86.17853164672852;91.61571860313416;0;3.545718810124663e-16;4.134000024337344e-29
50.43831658363342;55.87550354003906;1000;0.0;0.0
47.144362449645996;52.581549406051636;1000;0.0;0.0
bayesian/or_chain_12.fg.uai;5.652555704116821
42.81088733673096;48.46344304084778;0;2.3723530495968846e-16;5.317357752793251e-29
42.45207500457764;48.10463070869446;0;4.6972172470215625e-17;1.6283696400648118e-30
41.85374307632446;47.506298780441284;0;2.3806245419654953e-18;1.7415903889279127e-33
23.695449352264404;29.348005056381226;1000;0.0;0.0
23.19311285018921;28.84566855430603;1000;0.0;0.0
bayesian/or_chain_15.fg.uai;5.370217800140381
81.1853895187378;86.55560731887817;0;6.472481466441756e-20;1.9007191401386205e-36
80.48130917549133;85.85152697563171;0;4.438707358065026e-19;1.3024623078526655e-34
77.30612564086914;82.67634344100952;0;1.0690770630733673e-16;2.850362437175918e-30
45.449140548706055;50.819358348846436;1000;0.0;0.0
41.99319362640381;47.36341142654419;1000;0.0;0.0
bayesian/or_chain_53.fg.uai;5.438037872314453
100.51320242881775;105.9512403011322;0;1.983675955810974e-20;3.930948729216801e-37
99.96795153617859;105.40598940849304;0;5.897031193676167e-28;8.547388627502726e-53
95.80696606636047;101.24500393867493;0;9.195697474804982e-14;3.3001585160378567e-24
55.84417009353638;61.28220796585083;1000;0.0;0.0
52.01784944534302;57.45588731765747;999;3.4672171329002322e-15;1.2009573052030229e-26
bayesian/or_chain_61.fg.uai;5.562355041503906
190.64237260818481;196.20472764968872;0;5.411840241554213e-12;2.912954343996263e-20
188.4638867378235;194.0262417793274;0;8.790973618510663e-16;1.8885380681696116e-28
176.2016897201538;181.76404476165771;0;2.5207072421973493e-11;4.567511058202523e-19
107.72650003433228;113.28885507583618;1000;0.0;0.0
93.8359043598175;99.39825940132141;998;1.123268189031234e-14;1.2285191907467285e-25
bayesian/or_chain_64.fg.uai;5.288698434829712
41.697949171066284;46.986647605895996;0;1.566901217585975e-18;6.468434182425622e-34
41.48869800567627;46.77739644050598;0;5.371629851420593e-18;1.0738257826091008e-32
41.104788064956665;46.39348649978638;0;4.919506686985641e-13;8.90360087343859e-23
23.546285390853882;28.834983825683594;1000;0.0;0.0
22.89203667640686;28.180735111236572;997;1.3845410109653035e-15;1.9007338063918617e-27
bayesian/or_chain_90.fg.uai;5.3784332275390625
51.257229804992676;56.63566303253174;0;1.3474241374287819e-14;1.6095913602163685e-25
50.870248556137085;56.24868178367615;0;1.0850007340836531e-12;5.321392895505097e-22
49.48724865913391;54.865681886672974;0;3.7573483318374477e-11;7.227894140611368e-19
28.622918844223022;34.001352071762085;1000;0.0;0.0
27.66022777557373;33.03866100311279;1000;0.0;0.0
bayesian/or_chain_102.fg.uai;5.3816773891448975
135.28151321411133;140.66319060325623;0;2.4487150179249704e-23;1.967786045525788e-43
135.4334008693695;140.8150782585144;0;7.2521269909502765e-22;5.103881500857706e-40
124.81902956962585;130.20070695877075;0;2.2749832863877902e-10;5.16287726708458e-17
77.03234028816223;82.41401767730713;1000;0.0;0.0
66.37895894050598;71.76063632965088;994;6.102547790351318e-13;3.656271389685071e-22
bayesian/or_chain_106.fg.uai;5.403764963150024
90.59942150115967;96.00318646430969;0;2.0387427608659562e-21;3.138956775846037e-39
89.14619851112366;94.54996347427368;0;7.290051964768246e-21;2.0753045430265984e-38
87.01976585388184;92.42353081703186;0;9.969174625634604e-13;2.6307658002654298e-22
50.74496364593506;56.14872860908508;1000;0.0;0.0
47.1641104221344;52.567875385284424;1000;0.0;0.0
bayesian/or_chain_107.fg.uai;5.38663125038147
74.58609580993652;79.972727060318;0;2.0458873932287504e-20;2.2857733080297846e-37
74.31780958175659;79.70444083213806;0;6.566532472319642e-21;2.8344846680468784e-38
73.0418541431427;78.42848539352417;0;4.105030990059266e-12;1.0739292195789642e-20
41.51539182662964;46.90202307701111;1000;0.0;0.0
39.89162731170654;45.27825856208801;1000;0.0;0.0
bayesian/or_chain_128.fg.uai;5.629073143005371
78.55675387382507;84.18582701683044;0;2.5476246678384474e-18;2.5527895912602094e-33
78.69433856010437;84.32341170310974;0;6.994279036759761e-20;2.008158709783011e-36
76.5422990322113;82.17137217521667;0;2.6844282687930107e-13;3.1505265150456676e-23
43.613542556762695;49.242615699768066;1000;0.0;0.0
41.54236054420471;47.17143368721008;1000;0.0;0.0
bayesian/or_chain_132.fg.uai;5.411149263381958
93.31209921836853;98.72324848175049;0;2.438592753276692e-15;2.353426857461625e-27
91.80711460113525;97.21826386451721;0;2.178068734395673e-14;4.646130538475422e-25
88.90059399604797;94.31174325942993;0;3.2298891914244035e-11;2.9464171587779582e-19
53.5263237953186;58.93747305870056;1000;0.0;0.0
49.719977140426636;55.131126403808594;998;1.8507405397053598e-12;3.421753947930638e-21
bayesian/or_chain_138.fg.uai;5.485630750656128
92.58252286911011;98.06815361976624;0;8.246811983160663e-18;3.7715152719445994e-32
90.3272716999054;95.81290245056152;0;1.0375245236707288e-19;5.4823925762713073e-36
87.39842176437378;92.88405251502991;0;1.4438413116725051e-12;1.1679697758480215e-21
50.71284341812134;56.198474168777466;1000;0.0;0.0
47.77401947975159;53.259650230407715;1000;0.0;0.0
bayesian/or_chain_140.fg.uai;5.713324785232544
288.20515179634094;293.9184765815735;0;1.2825193053988409e-15;1.616549697382449e-27
290.8400228023529;296.55334758758545;0;2.1672118035655398e-17;1.5958880722047091e-31
271.66270089149475;277.3760256767273;0;6.06287635925933e-09;3.671196819806158e-14
164.8489911556244;170.56231594085693;1000;0.0;0.0
147.83983373641968;153.55315852165222;1000;0.0;0.0
bayesian/or_chain_149.fg.uai;5.787650108337402
73.17648887634277;78.96413898468018;0;6.448439947355141e-16;1.1707150626687967e-28
74.43273878097534;80.22038888931274;0;2.472688665154963e-15;2.4561038675254015e-27
71.42496299743652;77.21261310577393;0;4.023808272771095e-08;8.06858139421466e-13
40.78735327720642;46.57500338554382;1000;0.0;0.0
37.968238830566406;43.75588893890381;1000;0.0;0.0
bayesian/or_chain_150.fg.uai;5.527079343795776
160.25365567207336;165.78073501586914;0;2.8956886894724585e-15;4.211317372462308e-27
158.9009063243866;164.42798566818237;0;1.5123693037927289e-12;2.2333546667904372e-21
147.78983187675476;153.31691122055054;0;7.399499933719884e-12;3.712892933574148e-20
90.32917284965515;95.85625219345093;1000;0.0;0.0
79.49743056297302;85.0245099067688;1000;0.0;0.0
bayesian/or_chain_153.fg.uai;5.4163737297058105
93.4312756061554;98.8476493358612;0;3.6179358693324905e-16;1.2740105408946555e-28
93.35315084457397;98.76952457427979;0;1.0364894633708723e-16;4.679556477890699e-30
91.22799730300903;96.64437103271484;0;8.144408512793666e-13;1.0607475668837966e-22
51.92558431625366;57.34195804595947;1000;0.0;0.0
48.541417598724365;53.957791328430176;999;2.161321761984191e-19;4.666640447067622e-35
bayesian/or_chain_155.fg.uai;5.345306158065796
57.918134450912476;63.26344060897827;0;8.779669932049592e-19;6.997633628678931e-34
59.218178033828735;64.56348419189453;0;3.381535111376322e-20;2.0604476454906684e-37
55.37945580482483;60.724761962890625;0;3.3722726898501306e-16;3.330744959303833e-29
32.18616843223572;37.531474590301514;1000;0.0;0.0
30.018113374710083;35.36341953277588;1000;0.0;0.0
bayesian/or_chain_161.fg.uai;5.534693241119385
115.33520913124084;120.86990237236023;0;4.026504229828284e-15;1.2235929980771188e-26
116.62999892234802;122.16469216346741;0;1.4369589366468856e-14;1.4152895183824308e-25
113.48353409767151;119.0182273387909;0;2.571930858641403e-13;1.4777389308926663e-23
64.51273083686829;70.04742407798767;1000;0.0;0.0
61.27745056152344;66.81214380264282;1000;0.0;0.0
bayesian/or_chain_188.fg.uai;5.4268107414245605
204.3944218158722;209.82123255729675;0;2.0573651460706085e-27;1.869016075295075e-51
202.18662023544312;207.61343097686768;0;9.318027330980939e-26;4.1722955754895654e-48
184.81980299949646;190.24661374092102;0;8.341535430823795e-13;3.1902074003729614e-22
117.46136593818665;122.8881766796112;1000;0.0;0.0
97.64880204200745;103.075612783432;994;5.342021684295101e-16;1.903458958299298e-28
bayesian/or_chain_209.fg.uai;5.482915163040161
135.08000421524048;140.56291937828064;0;1.5484134295636002e-19;1.770419512017188e-35
134.08754301071167;139.57045817375183;0;7.632299072073999e-20;3.2171210449960895e-36
130.5830855369568;136.06600069999695;0;7.055366210599704e-14;1.7678662529489097e-24
75.48722958564758;80.97014474868774;1000;0.0;0.0
69.28142929077148;74.76434445381165;1000;0.0;0.0
bayesian/or_chain_242.fg.uai;5.5348310470581055
71.55730938911438;77.09214043617249;0;6.506168748764613e-12;4.2282030889961816e-20
71.16894245147705;76.70377349853516;0;8.704521782372823e-15;2.609253798551543e-26
69.6902687549591;75.22509980201721;0;3.7962020692205197e-07;1.1470684565830942e-10
39.74015951156616;45.27499055862427;1000;0.0;0.0
38.16271257400513;43.69754362106323;1000;0.0;0.0
bayesian/blockmap_10_01-0009.uai;10.502023458480835
4649.447066307068;4659.949089765549;0;0.09090909090909247;-3.712308238590367e-16
4633.127699613571;4643.629723072052;0;0.09090909090909247;-3.712308238590367e-16
4066.041646003723;4076.543669462204;0;0.09090909090909241;-0.008264462809917628
2868.4896461963654;2878.991669654846;1000;0.0;0.0
2153.0164771080017;2163.5185005664825;1000;0.0;0.0
bayesian/blockmap_10_02-0009.uai;12.785086631774902
6383.6668038368225;6396.451890468597;0;0.0069444444444445785;-2.879912020664621e-18
6084.811545848846;6097.596632480621;0;0.0069444444444445785;-2.879912020664621e-18
5116.23073554039;5129.015822172165;0;0.0069444444444443495;-4.822530864197399e-05
3309.009726047516;3321.7948126792908;1000;0.0;0.0
2589.9275691509247;2602.7126557826996;1000;0.0;0.0
bayesian/blockmap_10_03-0009.uai;13.70775818824768
6831.520755767822;6845.22851395607;0;0.0005787037037037143;-7.040961374051372e-21
6710.866537809372;6724.57429599762;0;0.0005787037037037143;-7.040961374051372e-21
5818.737937450409;5832.445695638657;0;0.0005787037037037004;-4.235164736271502e-22
3575.939528942108;3589.647287130356;1000;0.0;0.0
2663.1024861335754;2676.810244321823;992;inf;nan
bayesian/blockmap_10_03-0010.uai;13.774701833724976
6835.355884313583;6849.130586147308;0;0.0011574074074073922;3.2610768469290563e-20
6953.852217912674;6967.626919746399;0;0.0011574074074073922;3.2610768469290563e-20
6021.01899600029;6034.793697834015;0;0.0011574074074074015;-1.3395919067215227e-06
3746.1088581085205;3759.8835599422455;1000;0.0;0.0
2830.7195117473602;2844.494213581085;991;inf;nan
bayesian/blockmap_15_01-0008.uai;50.17172408103943
37825.87818193436;37876.049906015396;0;0.06666666666666694;-8.153200337090993e-17
37495.51619076729;37545.68791484833;0;0.06666666666666694;-8.153200337090993e-17
32563.980450868607;32614.152174949646;0;0.06666666666666504;1.3444106938820255e-16
18789.208722114563;18839.380446195602;1000;0.0;0.0
13016.401502132416;13066.573226213455;753;inf;nan
bayesian/blockmap_15_02-0008.uai;55.78248620033264
44893.17237997055;44948.95486617088;0;0.0039062499999999896;8.470329472543003e-21
46999.14740037918;47054.92988657951;0;0.0039062499999999896;8.470329472543003e-21
37411.548711538315;37467.33119773865;0;0.0039062499999999397;7.081195439045951e-19
25642.965719223022;25698.748205423355;1000;0.0;0.0
15677.09916806221;15732.881654262543;230;inf;nan
bayesian/blockmap_15_03-0010.uai;61.06950283050537
51799.345485925674;51860.41498875618;0;0.0008141664970486479;3.5998900258307764e-21
49400.586426734924;49461.65592956543;0;0.0008141664970486479;3.5998900258307764e-21
40880.27386713028;40941.343369960785;0;0.0008141664970486507;-4.235164736271502e-21
24424.034386873245;24485.10388970375;1000;0.0;0.0
16770.433087825775;16831.50259065628;531;inf;nan
bayesian/blockmap_20_01-0009.uai;270.7046661376953
210846.3910381794;211117.0957043171;0;0.050000000000000995;-1.1666015375944028e-16
219989.2850973606;220259.9897634983;0;0.050000000000000995;-1.1666015375944028e-16
199552.3867108822;199823.09137701988;0;0.050000000000001085;-1.46150452851046e-16
134303.31351995468;134574.01818609238;1000;0.0;0.0
87386.91057515144;87657.61524128914;499;inf;nan
bayesian/Promedus_11.uai;8.150831937789917
42.73055458068848;50.881386518478394;0;1.5973988558973895e-10;2.5349998693525724e-18
42.92626142501831;51.07709336280823;0;9.098340264025583e-11;7.807172669847031e-19
42.16842007637024;50.319252014160156;0;9.868076717046104e-10;1.5149257734856671e-16
24.320552587509155;32.47138452529907;1000;0.0;0.0
22.990022897720337;31.140854835510254;984;2.195851922603101e-08;9.331514531150314e-14
bayesian/Promedus_12.uai;5.320036888122559
57.88807678222656;63.20811367034912;0;0.0001019876986074956;9.702539216863314e-06
59.041078329086304;64.36111521720886;0;3.5751982372045237e-06;3.494726781904973e-09
54.61459255218506;59.93462944030762;0;0.0006543886733996083;0.0002463022073438308
33.33892869949341;38.65896558761597;1000;0.0;0.0
29.729610919952393;35.04964780807495;997;0.0006990602602836796;0.0004866540277963812
bayesian/Promedus_13.uai;5.38446831703186
152.76970028877258;158.15416860580444;0;2.6098017236928726e-09;3.032221089355964e-15
150.2084469795227;155.59291529655457;0;4.554093309030751e-09;1.2198701836682593e-14
138.0868434906006;143.47131180763245;0;2.8365181066473027e-05;1.0194085433862175e-08
87.37122249603271;92.75569081306458;1000;0.0;0.0
71.26977348327637;76.65424180030823;3;0.0005849361064301342;3.649949508616661e-06
bayesian/Promedus_14.uai;5.597967863082886
35.24686288833618;40.84483075141907;0;1.6460789467843262e-14;1.1780842793155122e-25
35.447701930999756;41.04566979408264;0;7.817611726203598e-14;5.532853084874011e-24
35.57988405227661;41.1778519153595;0;1.1536289730023803e-11;2.6744632349919724e-20
19.48233127593994;25.080299139022827;1000;0.0;0.0
19.513487815856934;25.11145567893982;985;3.482683293643957e-09;1.0790284882909221e-14
bayesian/Promedus_15.uai;5.2452592849731445
32.24051332473755;37.48577260971069;0;1.7417588226016825e-05;1.711909214081888e-07
31.632811784744263;36.87807106971741;0;2.9802413863126336e-05;4.4091815797704736e-07
30.182032823562622;35.42729210853577;0;7.624801372974903e-05;8.323978732555673e-07
17.83885359764099;23.084112882614136;1000;0.0;0.0
16.615678548812866;21.86093783378601;806;0.002164837194616727;0.0037352271536053154
bayesian/Promedus_16.uai;5.371758937835693
102.61296105384827;107.98471999168396;0;4.982349601242357e-12;1.3049493944378697e-20
102.648508310318;108.02026724815369;0;2.3159602754229267e-11;3.513547254495469e-19
88.75456547737122;94.12632441520691;0;6.896608987035011e-08;2.4304387894414464e-13
58.59832429885864;63.970083236694336;1000;0.0;0.0
46.79539465904236;52.16715359687805;754;1.2108156059859037e-06;1.6034936463672237e-10
bayesian/Promedus_17.uai;5.399068593978882
159.36213493347168;164.76120352745056;0;1.208639685166109e-20;8.878714522303371e-38
158.15252256393433;163.5515911579132;0;1.4723216113935587e-19;1.9716207885179235e-35
144.78332805633545;150.18239665031433;0;4.4407296795481964e-14;4.350506383515683e-25
91.66996955871582;97.0690381526947;1000;0.0;0.0
74.62037920951843;80.01944780349731;740;2.0113732155949124e-12;3.893563313452408e-21
bayesian/Promedus_18.uai;10.15144968032837
29.84632897377014;39.99777865409851;0;1.1227718552919835e-11;1.2453384702858294e-19
30.236610651016235;40.388060331344604;0;5.84652516720617e-12;1.714653875684472e-20
29.59596347808838;39.74741315841675;0;9.160200259930499e-08;5.7519549684801e-12
16.662899255752563;26.814348936080933;1000;0.0;0.0
16.58039927482605;26.73184895515442;998;1.6739129458963396e-07;1.3981902906692418e-11
bayesian/Promedus_19.uai;5.383068323135376
76.9993212223053;82.38238954544067;0;1.0639936878341263e-14;7.644977588509787e-26
75.9758985042572;81.35896682739258;0;1.0037783497434633e-14;8.350214378262878e-26
73.1500973701477;78.53316569328308;0;1.4871877364571182e-07;9.335869227269768e-12
42.6670708656311;48.05013918876648;1000;0.0;0.0
38.77349901199341;44.156567335128784;1000;0.0;0.0
bayesian/Promedus_20.uai;5.313543081283569
59.402832984924316;64.71637606620789;0;1.4412043944846746e-10;1.9575273933510592e-17
59.908621072769165;65.22216415405273;0;4.026782825568004e-12;2.8152893140187547e-21
57.487207889556885;62.800750970840454;0;1.3810917349866772e-08;1.7873876518926953e-13
33.894330739974976;39.207873821258545;1000;0.0;0.0
31.417383670806885;36.730926752090454;1000;0.0;0.0
bayesian/Promedus_21.uai;5.27766752243042
46.202420473098755;51.480087995529175;0;1.0813591097385976e-06;4.2158747099466317e-10
45.887728452682495;51.165395975112915;0;1.137047577542386e-06;7.240392696438292e-11
42.79111456871033;48.06878209114075;0;3.1439053122086707e-06;8.626928926530509e-10
25.933804035186768;31.211471557617188;1000;0.0;0.0
23.02984857559204;28.30751609802246;659;5.650670185673855e-06;1.2166173300061848e-09
bayesian/Promedus_22.uai;5.180817604064941
33.33284258842468;38.513660192489624;0;0.0005135520503946853;2.4004040541030066e-05
33.77412247657776;38.9549400806427;0;0.0004800839662554888;2.8412030145790996e-05
30.041045427322388;35.22186303138733;0;0.0005597960360100638;3.555958601363971e-05
19.31600022315979;24.49681782722473;1000;0.0;0.0
16.25779891014099;21.438616514205933;757;0.007428275070696986;0.020613443184413157
bayesian/Promedus_23.uai;5.278848886489868
87.8516776561737;93.13052654266357;0;1.0957573563999827e-19;5.286229456239524e-36
87.16928124427795;92.44813013076782;0;5.0407878900689596e-21;1.1630724842231403e-38
79.00270795822144;84.2815568447113;0;1.5823337891398397e-13;9.60476660374256e-24
50.50704264640808;55.78589153289795;1000;0.0;0.0
42.42955470085144;47.70840358734131;898;7.223826230437178e-12;2.2730808424422042e-20
bayesian/Promedus_24.uai;5.060304164886475
10.042815685272217;15.103119850158691;0;8.177454447982476e-07;6.537897801736619e-10
10.047207593917847;15.107511758804321;0;9.727127004549585e-09;1.5480627642333035e-14
8.82593822479248;13.886242389678955;0;1.3746396574866695e-06;4.0389678347315804e-28
5.976193189620972;11.036497354507446;1000;0.0;0.0
4.908944368362427;9.969248533248901;0;2.199423451978671e-05;1.0339757656912846e-25
bayesian/Promedus_25.uai;5.4651780128479
191.64525270462036;197.11043071746826;0;4.81192679739256e-17;4.194073372787961e-31
189.73283505439758;195.19801306724548;0;4.8064072708854905e-15;2.0673661216834716e-26
172.06494665145874;177.53012466430664;0;2.2745791899611213e-12;1.3587397559253944e-21
107.75529360771179;113.22047162055969;1000;0.0;0.0
92.04401063919067;97.50918865203857;1000;0.0;0.0
bayesian/Promedus_26.uai;5.765897035598755
76.28634023666382;82.05223727226257;0;1.170339984490693e-09;5.453036931673018e-16
76.42329001426697;82.18918704986572;0;3.809364782060376e-09;8.231733062035998e-15
65.54484415054321;71.31074118614197;0;4.9557728758094884e-08;-1.1832913578315177e-30
45.125091791152954;50.89098882675171;1000;0.0;0.0
34.583611488342285;40.34950852394104;0;3.1716946405180726e-06;-4.8467614016778965e-27
bayesian/Promedus_27.uai;5.23849081993103
35.58440613746643;40.82289695739746;0;6.302801032842465e-11;1.981792736980208e-18
35.20737361907959;40.44586443901062;0;6.036251067760236e-11;1.9779490324261876e-18
33.6086049079895;38.84709572792053;0;1.1834151104254966e-08;3.8247004126849305e-14
20.393815279006958;25.63230609893799;1000;0.0;0.0
18.3123836517334;23.55087447166443;999;1.5580297241010319e-13;2.4250291645611547e-23
bayesian/Promedus_28.uai;5.256923198699951
43.66118669509888;48.91810989379883;0;2.939626173336436e-12;8.387725157063298e-21
44.1749312877655;49.431854486465454;0;3.0830752883540405e-12;8.246886172618909e-21
42.176491260528564;47.433414459228516;0;2.242045792160035e-10;1.3199106524209066e-17
24.835082292556763;30.092005491256714;1000;0.0;0.0
22.15767788887024;27.41460108757019;977;7.755309580480578e-10;1.9185214357774582e-16
bayesian/Promedus_29.uai;5.127629041671753
38.83608150482178;43.96371054649353;0;1.6933882266557783e-14;2.1748647289316145e-25
39.26102328300476;44.388652324676514;0;2.263544536472704e-16;1.3476904930826433e-29
34.854474782943726;39.98210382461548;0;3.5263209783944206e-11;1.88079096131566e-37
23.1877543926239;28.315383434295654;1000;0.0;0.0
18.55597496032715;23.6836040019989;0;9.027381704689717e-09;1.232595164407831e-32
bayesian/Promedus_30.uai;5.100073337554932
20.096256017684937;25.196329355239868;0;2.2574855435373325e-31;1.6578328340603788e-59
20.435999631881714;25.536072969436646;0;4.807373725166442e-30;1.579258207947004e-56
18.52146291732788;23.621536254882812;0;7.933871163322617e-23;1.2446030555722283e-60
11.7879798412323;16.88805317878723;1000;0.0;0.0
10.031493186950684;15.131566524505615;0;6.499427256993888e-19;8.352389719038111e-53
bayesian/Promedus_31.uai;5.261441469192505
45.057281255722046;50.31872272491455;0;0.005194949088737128;0.0016380563564089726
44.78582811355591;50.04726958274841;0;0.005081701945897511;0.0028555166530188298
42.54277968406677;47.80422115325928;0;0.014248225065736891;0.023788366115716796
25.271294832229614;30.53273630142212;1000;0.0;0.0
22.70555567741394;27.966997146606445;774;0.03063773694453056;0.03167532455850355
bayesian/Promedus_32.uai;5.203345060348511
53.51077342033386;58.71411848068237;0;0.013298558804179132;0.09453087804825919
52.37094283103943;57.57428789138794;0;0.0027453776115598494;0.000765171706836324
46.780763387680054;51.984108448028564;0;0.005807140248308027;0.003575040878369673
31.47612714767456;36.67947220802307;1000;0.0;0.0
25.06015181541443;30.26349687576294;0;0.03522419868846416;0.09549552713857322
bayesian/Promedus_33.uai;5.1173179149627686
30.70674729347229;35.82406520843506;0;0.00021809874168374175;1.5770517259645547e-05
30.487059593200684;35.60437750816345;0;0.0002384730059362212;1.0262921078734093e-05
26.945987462997437;32.063305377960205;0;0.001553617847893057;4.235164736271502e-22
18.228261709213257;23.345579624176025;1000;0.0;0.0
14.577881813049316;19.695199728012085;0;0.006214471391572228;6.776263578034403e-21
bayesian/Promedus_34.uai;5.233002185821533
36.13104581832886;41.36404800415039;0;0.00020974240520501617;9.861738869971875e-06
36.32299065589905;41.55599284172058;0;2.577169041398551e-05;2.170064070415873e-07
34.66652846336365;39.89953064918518;0;0.00019737756690831832;3.690784873766509e-05
20.682701349258423;25.915703535079956;1000;0.0;0.0
18.97724485397339;24.210247039794922;993;1.684702107953048e-05;2.2508056190030872e-07
bayesian/Promedus_35.uai;5.2725300788879395
46.30265402793884;51.57518410682678;0;0.009068542747851096;0.012711163383051857
45.73777961730957;51.01030969619751;0;0.007259144000163451;0.004665074032744618
42.2857768535614;47.55830693244934;0;0.018792604982672993;0.0853779812471174
25.31038784980774;30.58291792869568;1000;0.0;0.0
23.079061031341553;28.351591110229492;782;0.01723162169639244;0.019144684673363128
bayesian/Promedus_36.uai;5.276508569717407
45.21100068092346;50.48750925064087;0;0.0050422997762569295;0.0020104092143647615
45.45534706115723;50.731855630874634;0;0.011173943261012514;0.041160639904024916
42.70425844192505;47.980767011642456;0;0.019587690607231947;0.08538418703266222
25.490507125854492;30.7670156955719;1000;0.0;0.0
23.08135747909546;28.357866048812866;777;0.0192626516482198;0.017862498811553964
bayesian/Promedus_37.uai;5.5277674198150635
203.31262230873108;208.84038972854614;0;8.79449050605342e-09;4.0471208588272295e-14
203.58103322982788;209.10880064964294;0;1.4056971603704236e-08;4.048274582515019e-14
183.5046889781952;189.03245639801025;0;7.717910405335547e-07;8.419134635130879e-11
113.72192621231079;119.24969363212585;1000;0.0;0.0
96.16758108139038;101.69534850120544;1000;0.0;0.0
bayesian/Promedus_38.uai;5.431292533874512
87.04775190353394;92.47904443740845;0;7.14052021545636e-10;1.0079528747619005e-16
86.38924741744995;91.82053995132446;0;3.304217883699424e-07;1.0743177021218836e-10
83.95063090324402;89.38192343711853;0;2.9518792141398943e-07;2.8485569458726435e-11
48.97447943687439;54.4057719707489;1000;0.0;0.0
46.33003234863281;51.761324882507324;1000;0.0;0.0
bayesian/BN_31.uai;5.7920286655426025
249.82131552696228;255.61334419250488;0;1.605865291207362e-15;5.120704462981095e-28
251.15225386619568;256.9442825317383;0;6.57609333822064e-15;2.072280200882927e-26
254.7389624118805;260.5309910774231;0;3.2384394755049196e-12;3.569416666013328e-21
153.25810599327087;159.05013465881348;1000;0.0;0.0
158.70566987991333;164.49769854545593;1000;0.0;0.0
